"0","map(database = ""state"", regions = ""California"")"
